Sample.name	Measurement.day	Tray	Running.order
1_1	1	1	2
1_2	1	1	8
1_3	1	1	14
1_4	1	1	20
1_5	1	1	26
1_6	1	1	32
2_1	1	1	3
2_2	1	1	9
2_3	1	1	15
2_4	1	1	21
2_5	1	1	27
2_6	1	1	33
3_1	1	1	4
3_2	1	1	10
3_3	1	1	16
3_4	1	1	22
3_5	1	1	28
3_6	1	1	34
4_1	1	1	5
4_2	1	1	11
4_3	1	1	17
4_4	1	1	23
4_5	1	1	29
4_6	1	1	35
6_1	1	1	6
6_2	1	1	12
6_3	1	1	18
6_4	1	1	24
6_5	1	1	30
6_6	1	1	36
T1_Col-0_1	1	1	1
T1_Col-0_2	1	1	7
T1_Col-0_3	1	1	13
T1_Col-0_4	1	1	19
T1_Col-0_5	1	1	25
T1_Col-0_6	1	1	31
10_1	1	2	40
10_2	1	2	46
10_3	1	2	52
10_4	1	2	58
10_5	1	2	64
10_6	1	2	70
11_1	1	2	41
11_2	1	2	47
11_3	1	2	53
11_4	1	2	59
11_5	1	2	65
11_6	1	2	71
12_1	1	2	42
12_2	1	2	48
12_3	1	2	54
12_4	1	2	60
12_5	1	2	66
12_6	1	2	72
7_1	1	2	38
7_2	1	2	44
7_3	1	2	50
7_4	1	2	56
7_5	1	2	62
7_6	1	2	68
8_1	1	2	39
8_2	1	2	45
8_3	1	2	51
8_4	1	2	57
8_5	1	2	63
8_6	1	2	69
T2_Col-0_1	1	2	37
T2_Col-0_2	1	2	43
T2_Col-0_3	1	2	49
T2_Col-0_4	1	2	55
T2_Col-0_5	1	2	61
T2_Col-0_6	1	2	67
13_1	2	3	74
13_2	2	3	80
13_3	2	3	86
13_4	2	3	92
13_5	2	3	98
13_6	2	3	104
14_1	2	3	75
14_2	2	3	81
14_3	2	3	87
14_4	2	3	93
14_5	2	3	99
14_6	2	3	105
15_1	2	3	76
15_2	2	3	82
15_3	2	3	88
15_4	2	3	94
15_5	2	3	100
15_6	2	3	106
16_1	2	3	77
16_2	2	3	83
16_3	2	3	89
16_4	2	3	95
16_5	2	3	101
16_6	2	3	107
17_1	2	3	78
17_2	2	3	84
17_3	2	3	90
17_4	2	3	96
17_5	2	3	102
17_6	2	3	108
T3_Col-0_1	2	3	73
T3_Col-0_2	2	3	79
T3_Col-0_3	2	3	85
T3_Col-0_4	2	3	91
T3_Col-0_5	2	3	97
T3_Col-0_6	2	3	103
18_1	2	4	110
18_2	2	4	115
18_3	2	4	121
18_4	2	4	127
18_5	2	4	133
18_6	2	4	139
19_1	2	4	111
19_2	2	4	116
19_3	2	4	122
19_4	2	4	128
19_5	2	4	134
19_6	2	4	140
20_1	2	4	112
20_2	2	4	117
20_3	2	4	123
20_4	2	4	129
20_5	2	4	135
20_6	2	4	141
21_1	2	4	113
21_2	2	4	118
21_3	2	4	124
21_4	2	4	130
21_5	2	4	136
21_6	2	4	142
22_2	2	4	119
22_3	2	4	125
22_4	2	4	131
22_5	2	4	137
22_6	2	4	143
T4_Col-0_1	2	4	109
T4_Col-0_2	2	4	114
T4_Col-0_3	2	4	120
T4_Col-0_4	2	4	126
T4_Col-0_5	2	4	132
T4_Col-0_6	2	4	138
23_1	3	5	145
23_2	3	5	151
23_3	3	5	157
23_4	3	5	163
23_5	3	5	169
23_6	3	5	174
24_1	3	5	146
24_2	3	5	152
24_3	3	5	158
24_4	3	5	164
24_5	3	5	170
24_6	3	5	175
26_1	3	5	147
26_2	3	5	153
26_3	3	5	159
26_4	3	5	165
26_5	3	5	171
26_6	3	5	176
27_1	3	5	148
27_2	3	5	154
27_3	3	5	160
27_4	3	5	166
27_5	3	5	172
27_6	3	5	177
30_1	3	5	149
30_2	3	5	155
30_3	3	5	161
30_4	3	5	167
30_6	3	5	178
T5_Col-0_1	3	5	144
T5_Col-0_2	3	5	150
T5_Col-0_3	3	5	156
T5_Col-0_4	3	5	162
T5_Col-0_5	3	5	168
T5_Col-0_6	3	5	173
31_1	4	6	180
31_2	4	6	186
31_3	4	6	192
31_4	4	6	197
31_5	4	6	202
31_6	4	6	207
32_1	4	6	181
32_2	4	6	187
32_3	4	6	193
32_4	4	6	198
32_5	4	6	203
33_1	4	6	182
33_2	4	6	188
34_1	4	6	183
34_2	4	6	189
34_3	4	6	194
34_4	4	6	199
34_5	4	6	204
34_6	4	6	208
35_1	4	6	184
35_2	4	6	190
35_3	4	6	195
35_4	4	6	200
35_5	4	6	205
35_6	4	6	209
T6_Col-0_1	4	6	179
T6_Col-0_2	4	6	185
T6_Col-0_3	4	6	191
T6_Col-0_4	4	6	196
T6_Col-0_5	4	6	201
T6_Col-0_6	4	6	206
37_1	5	7	211
37_2	5	7	217
37_4	5	7	227
37_5	5	7	232
37_6	5	7	238
38_1	5	7	212
38_2	5	7	218
38_3	5	7	222
38_4	5	7	228
38_5	5	7	233
39_1	5	7	213
39_2	5	7	219
39_3	5	7	223
39_4	5	7	229
39_5	5	7	234
39_6	5	7	239
41_1	5	7	214
41_3	5	7	224
41_5	5	7	235
41_6	5	7	240
42_1	5	7	215
42_2	5	7	220
42_3	5	7	225
42_4	5	7	230
42_5	5	7	236
42_6	5	7	241
T7_Col-0_1	5	7	210
T7_Col-0_2	5	7	216
T7_Col-0_3	5	7	221
T7_Col-0_4	5	7	226
T7_Col-0_5	5	7	231
T7_Col-0_6	5	7	237
49_1	6	8	243
49_2	6	8	248
49_3	6	8	253
49_4	6	8	259
49_5	6	8	265
49_6	6	8	271
50_2	6	8	249
50_3	6	8	254
50_4	6	8	260
50_5	6	8	266
50_6	6	8	272
53_1	6	8	244
53_3	6	8	255
53_4	6	8	261
53_5	6	8	267
53_6	6	8	273
55_1	6	8	245
55_2	6	8	250
55_3	6	8	256
55_4	6	8	262
55_5	6	8	268
55_6	6	8	274
56_1	6	8	246
56_2	6	8	251
56_3	6	8	257
56_4	6	8	263
56_5	6	8	269
56_6	6	8	275
T8_Col-0_1	6	8	242
T8_Col-0_2	6	8	247
T8_Col-0_3	6	8	252
T8_Col-0_4	6	8	258
T8_Col-0_5	6	8	264
T8_Col-0_6	6	8	270
59_1	6	9	277
59_2	6	9	283
59_3	6	9	289
59_4	6	9	295
59_5	6	9	301
59_6	6	9	307
61_1	6	9	278
61_2	6	9	284
61_3	6	9	290
61_4	6	9	296
61_5	6	9	302
61_6	6	9	308
62_1	6	9	279
62_2	6	9	285
62_3	6	9	291
62_4	6	9	297
62_5	6	9	303
62_6	6	9	309
63_1	6	9	280
63_2	6	9	286
63_3	6	9	292
63_4	6	9	298
63_5	6	9	304
63_6	6	9	310
66_1	6	9	281
66_2	6	9	287
66_3	6	9	293
66_4	6	9	299
66_5	6	9	305
66_6	6	9	311
T9_Col-0_1	6	9	276
T9_Col-0_2	6	9	282
T9_Col-0_3	6	9	288
T9_Col-0_4	6	9	294
T9_Col-0_5	6	9	300
T9_Col-0_6	6	9	306
68_1	7	10	313
68_2	7	10	318
68_3	7	10	324
68_4	7	10	330
68_5	7	10	336
68_6	7	10	342
69_1	7	10	314
69_2	7	10	319
69_3	7	10	325
69_4	7	10	331
69_5	7	10	337
69_6	7	10	343
70_1	7	10	315
70_2	7	10	320
70_3	7	10	326
70_4	7	10	332
70_5	7	10	338
70_6	7	10	344
71_2	7	10	321
71_3	7	10	327
71_4	7	10	333
71_5	7	10	339
71_6	7	10	345
72_1	7	10	316
72_2	7	10	322
72_3	7	10	328
72_4	7	10	334
72_5	7	10	340
72_6	7	10	346
T10_Col-0_1	7	10	312
T10_Col-0_2	7	10	317
T10_Col-0_3	7	10	323
T10_Col-0_4	7	10	329
T10_Col-0_5	7	10	335
T10_Col-0_6	7	10	341
73_1	8	11	348
73_2	8	11	354
73_3	8	11	360
73_4	8	11	366
73_5	8	11	372
73_6	8	11	378
74_1	8	11	349
74_2	8	11	355
74_3	8	11	361
74_4	8	11	367
74_5	8	11	373
74_6	8	11	379
75_1	8	11	350
75_2	8	11	356
75_3	8	11	362
75_4	8	11	368
75_5	8	11	374
75_6	8	11	380
77_1	8	11	351
77_2	8	11	357
77_3	8	11	363
77_4	8	11	369
77_5	8	11	375
77_6	8	11	381
78_1	8	11	352
78_2	8	11	358
78_3	8	11	364
78_4	8	11	370
78_5	8	11	376
T11_Col-0_1	8	11	347
T11_Col-0_2	8	11	353
T11_Col-0_3	8	11	359
T11_Col-0_4	8	11	365
T11_Col-0_5	8	11	371
T11_Col-0_6	8	11	377
79_1	8	12	383
79_3	8	12	393
79_5	8	12	404
79_6	8	12	410
83_2	8	12	388
83_3	8	12	394
83_4	8	12	399
83_5	8	12	405
83_6	8	12	411
84_1	8	12	384
84_2	8	12	389
84_3	8	12	395
84_4	8	12	400
84_5	8	12	406
84_6	8	12	412
85_1	8	12	385
85_2	8	12	390
85_3	8	12	396
85_4	8	12	401
85_5	8	12	407
85_6	8	12	413
86_1	8	12	386
86_2	8	12	391
86_3	8	12	397
86_4	8	12	402
86_5	8	12	408
86_6	8	12	414
T12_Col-0_1	8	12	382
T12_Col-0_2	8	12	387
T12_Col-0_3	8	12	392
T12_Col-0_4	8	12	398
T12_Col-0_5	8	12	403
T12_Col-0_6	8	12	409
87_1	9	13	416
87_2	9	13	422
87_3	9	13	428
87_4	9	13	434
87_5	9	13	440
87_6	9	13	446
88_1	9	13	417
88_2	9	13	423
88_3	9	13	429
88_4	9	13	435
88_5	9	13	441
89_1	9	13	418
89_2	9	13	424
89_3	9	13	430
89_4	9	13	436
89_5	9	13	442
89_6	9	13	447
90_1	9	13	419
90_2	9	13	425
90_3	9	13	431
90_4	9	13	437
90_5	9	13	443
90_6	9	13	448
92_1	9	13	420
92_2	9	13	426
92_3	9	13	432
92_4	9	13	438
92_5	9	13	444
92_6	9	13	449
T13_Col-0_1	9	13	415
T13_Col-0_2	9	13	421
T13_Col-0_3	9	13	427
T13_Col-0_4	9	13	433
T13_Col-0_5	9	13	439
T13_Col-0_6	9	13	445
93_1	9	14	451
93_2	9	14	457
93_3	9	14	463
93_4	9	14	469
93_5	9	14	475
93_6	9	14	480
94_1	9	14	452
94_2	9	14	458
94_3	9	14	464
94_4	9	14	470
94_5	9	14	476
94_6	9	14	481
95_1	9	14	453
95_2	9	14	459
95_3	9	14	465
95_4	9	14	471
95_5	9	14	477
95_6	9	14	482
96_1	9	14	454
96_2	9	14	460
96_3	9	14	466
96_4	9	14	472
96_5	9	14	478
96_6	9	14	483
97_1	9	14	455
97_2	9	14	461
97_3	9	14	467
97_4	9	14	473
97_5	9	14	479
97_6	9	14	484
T14_Col-0_1	9	14	450
T14_Col-0_2	9	14	456
T14_Col-0_3	9	14	462
T14_Col-0_4	9	14	468
T14_Col-0_5	9	14	474
113_1	10	15	487
113_2	10	15	493
113_3	10	15	499
113_4	10	15	505
113_5	10	15	511
113_6	10	15	517
114_1	10	15	488
114_2	10	15	494
114_3	10	15	500
114_4	10	15	506
114_5	10	15	512
114_6	10	15	518
115_1	10	15	489
115_2	10	15	495
115_3	10	15	501
115_4	10	15	507
115_5	10	15	513
115_6	10	15	519
98_2	10	15	491
98_3	10	15	497
98_4	10	15	503
98_5	10	15	509
98_6	10	15	515
99_1	10	15	486
99_2	10	15	492
99_3	10	15	498
99_4	10	15	504
99_5	10	15	510
99_6	10	15	516
T15_Col-0_1	10	15	485
T15_Col-0_2	10	15	490
T15_Col-0_3	10	15	496
T15_Col-0_4	10	15	502
T15_Col-0_5	10	15	508
T15_Col-0_6	10	15	514
116_1	10	16	521
116_2	10	16	527
116_3	10	16	533
116_4	10	16	539
116_5	10	16	545
116_6	10	16	551
126_1	10	16	522
126_2	10	16	528
126_3	10	16	534
126_4	10	16	540
126_5	10	16	546
126_6	10	16	552
127_1	10	16	523
127_2	10	16	529
127_3	10	16	535
127_4	10	16	541
127_5	10	16	547
127_6	10	16	553
133_1	10	16	524
133_2	10	16	530
133_3	10	16	536
133_4	10	16	542
133_5	10	16	548
133_6	10	16	554
139_1	10	16	525
139_2	10	16	531
139_3	10	16	537
139_4	10	16	543
139_5	10	16	549
139_6	10	16	555
T16_Col-0_1	10	16	520
T16_Col-0_2	10	16	526
T16_Col-0_3	10	16	532
T16_Col-0_4	10	16	538
T16_Col-0_5	10	16	544
T16_Col-0_6	10	16	550
29_1	11	17	558
29_2	11	17	564
29_3	11	17	570
29_4	11	17	576
29_5	11	17	582
29_6	11	17	588
40_1	11	17	559
40_2	11	17	565
40_3	11	17	571
40_4	11	17	577
40_5	11	17	583
40_6	11	17	589
60_1	11	17	560
60_2	11	17	566
60_3	11	17	572
60_4	11	17	578
60_5	11	17	584
60_6	11	17	590
64_1	11	17	561
64_2	11	17	567
64_3	11	17	573
64_4	11	17	579
64_5	11	17	585
9_1	11	17	557
9_2	11	17	563
9_3	11	17	569
9_4	11	17	575
9_5	11	17	581
9_6	11	17	587
T17_Col-0_1	11	17	556
T17_Col-0_2	11	17	562
T17_Col-0_3	11	17	568
T17_Col-0_4	11	17	574
T17_Col-0_5	11	17	580
T17_Col-0_6	11	17	586
101_1	11	18	593
101_2	11	18	599
101_3	11	18	605
101_4	11	18	611
101_5	11	18	617
101_6	11	18	623
102_1	11	18	594
102_2	11	18	600
102_3	11	18	606
102_4	11	18	612
102_5	11	18	618
102_6	11	18	624
105_1	11	18	595
105_2	11	18	601
105_3	11	18	607
105_4	11	18	613
105_5	11	18	619
105_6	11	18	625
106_1	11	18	596
106_2	11	18	602
106_3	11	18	608
106_4	11	18	614
106_5	11	18	620
106_6	11	18	626
81_1	11	18	592
81_2	11	18	598
81_3	11	18	604
81_4	11	18	610
81_5	11	18	616
81_6	11	18	622
T18_Col-0_1	11	18	591
T18_Col-0_2	11	18	597
T18_Col-0_3	11	18	603
T18_Col-0_4	11	18	609
T18_Col-0_5	11	18	615
T18_Col-0_6	11	18	621
109_1	12	19	628
109_2	12	19	634
109_3	12	19	640
109_4	12	19	646
109_5	12	19	652
109_6	12	19	658
110_1	12	19	629
110_2	12	19	635
110_3	12	19	641
110_4	12	19	647
110_5	12	19	653
110_6	12	19	659
111_1	12	19	630
111_2	12	19	636
111_3	12	19	642
111_4	12	19	648
111_5	12	19	654
111_6	12	19	660
112_1	12	19	631
112_2	12	19	637
112_3	12	19	643
112_4	12	19	649
112_5	12	19	655
112_6	12	19	661
117_1	12	19	632
117_2	12	19	638
117_3	12	19	644
117_4	12	19	650
117_5	12	19	656
117_6	12	19	662
T19_Col-0_1	12	19	627
T19_Col-0_2	12	19	633
T19_Col-0_3	12	19	639
T19_Col-0_4	12	19	645
T19_Col-0_5	12	19	651
T19_Col-0_6	12	19	657
142_1	12	20	664
142_2	12	20	670
142_3	12	20	676
142_4	12	20	682
142_5	12	20	688
142_6	12	20	694
144_1	12	20	665
144_2	12	20	671
144_3	12	20	677
144_4	12	20	683
144_5	12	20	689
144_6	12	20	695
146_1	12	20	666
146_2	12	20	672
146_3	12	20	678
146_4	12	20	684
146_5	12	20	690
146_6	12	20	696
147_1	12	20	667
147_2	12	20	673
147_3	12	20	679
147_4	12	20	685
147_5	12	20	691
147_6	12	20	697
148_1	12	20	668
148_2	12	20	674
148_3	12	20	680
148_4	12	20	686
148_5	12	20	692
148_6	12	20	698
T20_Col-0_1	12	20	663
T20_Col-0_2	12	20	669
T20_Col-0_3	12	20	675
T20_Col-0_4	12	20	681
T20_Col-0_5	12	20	687
T20_Col-0_6	12	20	693
149_1	13	21	701
149_2	13	21	707
149_3	13	21	713
149_4	13	21	719
149_5	13	21	724
149_6	13	21	728
150_1	13	21	702
150_2	13	21	708
150_3	13	21	714
150_4	13	21	720
150_5	13	21	725
150_6	13	21	729
153_1	13	21	703
153_2	13	21	709
153_3	13	21	715
153_4	13	21	721
154_1	13	21	704
154_2	13	21	710
154_3	13	21	716
154_4	13	21	722
154_5	13	21	726
154_6	13	21	730
155_1	13	21	705
155_2	13	21	711
155_3	13	21	717
T21_Col-0_1	13	21	700
T21_Col-0_2	13	21	706
T21_Col-0_3	13	21	712
T21_Col-0_4	13	21	718
T21_Col-0_5	13	21	723
T21_Col-0_6	13	21	727
156_1	13	22	732
156_2	13	22	738
156_3	13	22	743
156_4	13	22	749
156_5	13	22	755
156_6	13	22	759
157_1	13	22	733
157_3	13	22	744
157_4	13	22	750
159_1	13	22	734
159_2	13	22	739
159_3	13	22	745
159_4	13	22	751
159_6	13	22	760
160_1	13	22	735
160_2	13	22	740
160_3	13	22	746
160_4	13	22	752
160_5	13	22	756
160_6	13	22	761
162_1	13	22	736
162_2	13	22	741
162_3	13	22	747
162_4	13	22	753
162_5	13	22	757
162_6	13	22	762
T22_Col-0_1	13	22	731
T22_Col-0_2	13	22	737
T22_Col-0_3	13	22	742
T22_Col-0_4	13	22	748
T22_Col-0_5	13	22	754
T22_Col-0_6	13	22	758
